(0,11316859)
(237816,1)
(237834,1)
(237852,1)
(237870,1)
(237888,1)
(237906,1)
(237942,1)
(237960,1)
(237978,1)
(237996,1)
(238014,1)
(238032,1)
(238050,1)
(238068,1)
(238086,1)
(238104,1)
(238122,1)
(238140,1)
(238158,1)
(238176,1)
(238248,1)
(238266,1)
(238302,1)
(238320,1)
(238338,1)
(238356,1)
(238374,1)
(238392,1)
(238410,1)
(238464,1)
(238482,1)
(238500,1)
(238518,1)
(238536,1)
(238554,1)
(238572,1)
(238590,1)
(238608,1)
(238626,1)
(238662,1)
(238680,1)
(238698,1)
(238716,1)
(238734,1)
(238770,1)
(238842,1)
(238860,1)
(238878,1)
(238896,1)
(238914,1)
(238932,1)
(238950,1)
(238968,1)
(238986,1)
(239004,1)
(239022,1)
(239040,1)
(239058,1)
(239076,1)
(239094,1)
(239112,1)
(239130,1)
(239148,1)
(239166,1)
(239184,1)
(239202,1)
(239220,1)
(239238,1)
(239256,1)
(239274,1)
(239292,1)
(239310,1)
(239328,1)
(239346,1)
(239364,1)
(239382,1)
(239400,1)
(239418,1)
(239436,1)
(239454,1)
(239472,1)
(239490,1)
(239508,1)
(239580,1)
(239598,1)
(239616,1)
(239634,1)
(239652,1)
(239688,1)
(239706,1)
(239724,1)
(239742,1)
(239760,1)
(239778,1)
(239796,1)
(239814,1)
(239832,1)
(239850,1)
(239868,1)
(239886,1)
(239904,1)
(239922,1)
(239940,1)
(239958,1)
(239976,1)
(239994,1)
(240012,1)
(240030,1)
(240048,1)
(240066,1)
(240084,1)
(240102,1)
(240120,1)
(240138,1)
(240156,1)
(240174,1)
(240192,1)
(240246,1)
(240264,1)
(240282,1)
(240300,1)
(240318,1)
(240336,1)
(240372,1)
(240390,1)
(240408,1)
(240426,1)
(240444,1)
(240462,1)
(240480,1)
(240498,1)
(240516,1)
(240534,1)
(240552,1)
(240570,1)
(240588,1)
(240606,1)
(240624,1)
(240642,1)
(240660,1)
(240696,1)
(240714,1)
(240948,1)
(240966,1)
(240984,1)
(241002,1)
(241020,1)
(241056,1)
(241074,1)
(241092,1)
(241110,1)
(241146,1)
(241164,1)
(241182,1)
(241236,1)
(241254,1)
(241272,1)
(241290,1)
(241308,1)
(241326,1)
(241344,1)
(241362,1)
(241380,1)
(241398,1)
(241416,1)
(241434,1)
(241452,1)
(241470,1)
(241524,1)
(241542,1)
(241560,1)
(241578,1)
(241596,1)
(241614,1)
(241632,1)
(241650,1)
(241668,1)
(241686,1)
(241704,1)
(241722,1)
(241740,1)
(241758,1)
(241776,1)
(241794,1)
(241812,1)
(241830,1)
(241848,1)
(241866,1)
(241884,1)
(241902,1)
(241920,1)
(241938,1)
(241956,1)
(241974,1)
(241992,1)
(242010,1)
(242028,1)
(242046,1)
(242064,1)
(242082,1)
(242100,1)
(242118,1)
(242136,1)
(242154,1)
(242172,1)
(242190,1)
(242208,1)
(242226,1)
(242244,1)
(242262,1)
(242280,1)
(242298,1)
(242316,1)
(242352,1)
(242370,1)
(242388,1)
(242406,1)
(242424,1)
(242442,1)
(242460,1)
(242478,1)
(242496,1)
(242514,1)
(242532,1)
(242550,1)
(242568,1)
(242586,1)
(242604,1)
(242622,1)
(242640,1)
(242658,1)
(242676,1)
(242694,1)
(242712,1)
(242730,1)
(242748,1)
(242766,1)
(242802,1)
(242820,1)
(242838,1)
(242856,1)
(242874,1)
(242892,1)
(242910,1)
(242928,1)
(242946,1)
(242964,1)
(242982,1)
(243000,1)
(243018,1)
(243036,1)
(243054,1)
(243072,1)
(243090,1)
(243108,1)
(243126,1)
(243144,1)
(243162,1)
(243180,1)
(243198,1)
(243216,1)
(243234,1)
(243252,1)
(243270,1)
(243288,1)
(243306,1)
(243324,1)
(243342,1)
(243360,1)
(243378,1)
(243396,1)
(243414,1)
(243432,1)
(243450,1)
(243468,1)
(243486,1)
(243504,1)
(243522,1)
(,225343)
(237817,1)
(237835,1)
(237853,1)
(237871,1)
(237889,1)
(237907,1)
(237961,1)
(237997,1)
(238015,1)
(238033,1)
(238051,1)
(238069,1)
(238087,1)
(238105,1)
(238123,1)
(238141,1)
(238159,1)
(238177,1)
(238195,1)
(238231,1)
(238249,1)
(238267,1)
(238285,1)
(238303,1)
(238321,1)
(238339,1)
(238357,1)
(238375,1)
(238393,1)
(238411,1)
(238465,1)
(238483,1)
(238501,1)
(238519,1)
(238537,1)
(238555,1)
(238573,1)
(238591,1)
(238627,1)
(238645,1)
(238663,1)
(238681,1)
(238699,1)
(238717,1)
(238735,1)
(238771,1)
(238843,1)
(238861,1)
(238879,1)
(238897,1)
(238915,1)
(238933,1)
(238951,1)
(238969,1)
(238987,1)
(239005,1)
(239023,1)
(239041,1)
(239059,1)
(239077,1)
(239095,1)
(239113,1)
(239131,1)
(239149,1)
(239167,1)
(239185,1)
(239203,1)
(239221,1)
(239239,1)
(239257,1)
(239275,1)
(239293,1)
(239311,1)
(239329,1)
(239347,1)
(239365,1)
(239383,1)
(239401,1)
(239419,1)
(239437,1)
(239455,1)
(239473,1)
(239491,1)
(239509,1)
(239581,1)
(239599,1)
(239617,1)
(239635,1)
(239653,1)
(239689,1)
(239707,1)
(239725,1)
(239743,1)
(239761,1)
(239779,1)
(239797,1)
(239815,1)
(239833,1)
(239851,1)
(239869,1)
(239887,1)
(239905,1)
(239923,1)
(239941,1)
(239959,1)
(239977,1)
(239995,1)
(240013,1)
(240031,1)
(240049,1)
(240067,1)
(240085,1)
(240103,1)
(240121,1)
(240139,1)
(240157,1)
(240175,1)
(240193,1)
(240283,1)
(240301,1)
(240319,1)
(240337,1)
(240373,1)
(240391,1)
(240409,1)
(240427,1)
(240445,1)
(240463,1)
(240481,1)
(240499,1)
(240517,1)
(240535,1)
(240553,1)
(240571,1)
(240589,1)
(240607,1)
(240625,1)
(240643,1)
(240661,1)
(240679,1)
(240715,1)
(240823,1)
(240949,1)
(240967,1)
(240985,1)
(241003,1)
(241021,1)
(241039,1)
(241075,1)
(241093,1)
(241111,1)
(241129,1)
(241147,1)
(241165,1)
(241183,1)
(241219,1)
(241237,1)
(241255,1)
(241273,1)
(241291,1)
(241309,1)
(241327,1)
(241345,1)
(241363,1)
(241381,1)
(241399,1)
(241417,1)
(241435,1)
(241453,1)
(241471,1)
(241489,1)
(241507,1)
(241525,1)
(241543,1)
(241561,1)
(241579,1)
(241597,1)
(241615,1)
(241633,1)
(241651,1)
(241669,1)
(241687,1)
(241705,1)
(241723,1)
(241741,1)
(241759,1)
(241777,1)
(241795,1)
(241813,1)
(241831,1)
(241849,1)
(241867,1)
(241885,1)
(241903,1)
(241921,1)
(241939,1)
(241957,1)
(241975,1)
(241993,1)
(242011,1)
(242029,1)
(242047,1)
(242065,1)
(242083,1)
(242101,1)
(242119,1)
(242137,1)
(242155,1)
(242173,1)
(242191,1)
(242209,1)
(242227,1)
(242245,1)
(242263,1)
(242281,1)
(242299,1)
(242317,1)
(242353,1)
(242371,1)
(242389,1)
(242407,1)
(242425,1)
(242443,1)
(242461,1)
(242479,1)
(242497,1)
(242515,1)
(242533,1)
(242551,1)
(242569,1)
(242587,1)
(242605,1)
(242623,1)
(242641,1)
(242659,1)
(242677,1)
(242695,1)
(242713,1)
(242731,1)
(242749,1)
(242767,1)
(242803,1)
(242821,1)
(242839,1)
(242857,1)
(242875,1)
(242893,1)
(242911,1)
(242947,1)
(242965,1)
(242983,1)
(243001,1)
(243019,1)
(243037,1)
(243055,1)
(243073,1)
(243091,1)
(243109,1)
(243127,1)
(243145,1)
(243163,1)
(243181,1)
(243199,1)
(243217,1)
(243235,1)
(243253,1)
(243271,1)
(243289,1)
(243307,1)
(243325,1)
(243343,1)
(243361,1)
(243379,1)
(243397,1)
(243415,1)
(243433,1)
(243451,1)
(243469,1)
(243487,1)
(243505,1)
(243523,1)
(237818,1)
(237836,1)
(237854,1)
(237872,1)
(237890,1)
(237908,1)
(237944,1)
(237980,1)
(237998,1)
(238016,1)
(238034,1)
(238052,1)
(238070,1)
(238088,1)
(238106,1)
(238124,1)
(238142,1)
(238160,1)
(238178,1)
(238214,1)
(238250,1)
(238268,1)
(238286,1)
(238304,1)
(238322,1)
(238358,1)
(238376,1)
(238394,1)
(238412,1)
(238466,1)
(238484,1)
(238502,1)
(238520,1)
(238538,1)
(238556,1)
(238574,1)
(238592,1)
(238610,1)
(238628,1)
(238664,1)
(238682,1)
(238700,1)
(238718,1)
(238736,1)
(238772,1)
(238844,1)
(238862,1)
(238880,1)
(238898,1)
(238916,1)
(238934,1)
(238952,1)
(238970,1)
(238988,1)
(239006,1)
(239024,1)
(239042,1)
(239060,1)
(239078,1)
(239096,1)
(239114,1)
(239132,1)
(239150,1)
(239168,1)
(239186,1)
(239204,1)
(239240,1)
(239258,1)
(239294,1)
(239312,1)
(239330,1)
(239348,1)
(239366,1)
(239384,1)
(239402,1)
(239420,1)
(239456,1)
(239492,1)
(239510,1)
(239582,1)
(239600,1)
(239618,1)
(239636,1)
(239654,1)
(239690,1)
(239708,1)
(239726,1)
(239744,1)
(239762,1)
(239780,1)
(239798,1)
(239816,1)
(239834,1)
(239852,1)
(239870,1)
(239888,1)
(239906,1)
(239924,1)
(239942,1)
(239960,1)
(239978,1)
(239996,1)
(240032,1)
(240050,1)
(240068,1)
(240086,1)
(240104,1)
(240122,1)
(240140,1)
(240158,1)
(240176,1)
(240194,1)
(240212,1)
(240266,1)
(240284,1)
(240302,1)
(240320,1)
(240338,1)
(240374,1)
(240392,1)
(240410,1)
(240428,1)
(240446,1)
(240464,1)
(240482,1)
(240500,1)
(240518,1)
(240536,1)
(240554,1)
(240572,1)
(240590,1)
(240608,1)
(240626,1)
(240644,1)
(240680,1)
(240698,1)
(240716,1)
(240950,1)
(240968,1)
(240986,1)
(241004,1)
(241022,1)
(241058,1)
(241076,1)
(241094,1)
(241112,1)
(241130,1)
(241148,1)
(241166,1)
(241184,1)
(241238,1)
(241256,1)
(241274,1)
(241292,1)
(241310,1)
(241328,1)
(241346,1)
(241364,1)
(241382,1)
(241400,1)
(241418,1)
(241436,1)
(241454,1)
(241472,1)
(241490,1)
(241526,1)
(241544,1)
(241562,1)
(241580,1)
(241598,1)
(241616,1)
(241634,1)
(241652,1)
(241670,1)
(241688,1)
(241706,1)
(241724,1)
(241742,1)
(241760,1)
(241778,1)
(241796,1)
(241814,1)
(241832,1)
(241850,1)
(241868,1)
(241886,1)
(241904,1)
(241922,1)
(241940,1)
(241958,1)
(241976,1)
(241994,1)
(242012,1)
(242030,1)
(242048,1)
(242066,1)
(242084,1)
(242102,1)
(242120,1)
(242138,1)
(242156,1)
(242174,1)
(242192,1)
(242210,1)
(242228,1)
(242246,1)
(242264,1)
(242282,1)
(242300,1)
(242318,1)
(242354,1)
(242372,1)
(242390,1)
(242408,1)
(242426,1)
(242444,1)
(242462,1)
(242480,1)
(242498,1)
(242516,1)
(242534,1)
(242552,1)
(242570,1)
(242588,1)
(242606,1)
(242624,1)
(242642,1)
(242660,1)
(242678,1)
(242696,1)
(242714,1)
(242732,1)
(242750,1)
(242768,1)
(242804,1)
(242822,1)
(242840,1)
(242858,1)
(242876,1)
(242894,1)
(242912,1)
(242930,1)
(242948,1)
(242966,1)
(242984,1)
(243002,1)
(243020,1)
(243038,1)
(243056,1)
(243074,1)
(243092,1)
(243110,1)
(243128,1)
(243146,1)
(243164,1)
(243182,1)
(243200,1)
(243218,1)
(243236,1)
(243254,1)
(243272,1)
(243290,1)
(243308,1)
(243326,1)
(243344,1)
(243362,1)
(243380,1)
(243398,1)
(243416,1)
(243434,1)
(243452,1)
(243470,1)
(243488,1)
(243506,1)
(243524,1)
(237819,1)
(237837,1)
(237855,1)
(237873,1)
(237891,1)
(237909,1)
(237945,1)
(237963,1)
(237981,1)
(237999,1)
(238017,1)
(238035,1)
(238053,1)
(238071,1)
(238089,1)
(238107,1)
(238125,1)
(238143,1)
(238161,1)
(238179,1)
(238197,1)
(238215,1)
(238233,1)
(238251,1)
(238269,1)
(238287,1)
(238305,1)
(238323,1)
(238341,1)
(238359,1)
(238377,1)
(238395,1)
(238413,1)
(238467,1)
(238485,1)
(238503,1)
(238521,1)
(238539,1)
(238557,1)
(238575,1)
(238593,1)
(238611,1)
(238629,1)
(238665,1)
(238683,1)
(238701,1)
(238719,1)
(238737,1)
(238773,1)
(238809,1)
(238845,1)
(238863,1)
(238881,1)
(238899,1)
(238917,1)
(238935,1)
(238953,1)
(238971,1)
(238989,1)
(239007,1)
(239025,1)
(239043,1)
(239061,1)
(239079,1)
(239097,1)
(239115,1)
(239133,1)
(239151,1)
(239169,1)
(239187,1)
(239205,1)
(239223,1)
(239241,1)
(239259,1)
(239295,1)
(239313,1)
(239349,1)
(239367,1)
(239385,1)
(239403,1)
(239421,1)
(239439,1)
(239457,1)
(239493,1)
(239511,1)
(239583,1)
(239601,1)
(239619,1)
(239637,1)
(239655,1)
(239673,1)
(239691,1)
(239709,1)
(239727,1)
(239745,1)
(239763,1)
(239781,1)
(239799,1)
(239817,1)
(239835,1)
(239853,1)
(239871,1)
(239889,1)
(239907,1)
(239925,1)
(239943,1)
(239961,1)
(239979,1)
(239997,1)
(240033,1)
(240051,1)
(240069,1)
(240087,1)
(240105,1)
(240123,1)
(240141,1)
(240159,1)
(240177,1)
(240195,1)
(240213,1)
(240231,1)
(240249,1)
(240267,1)
(240285,1)
(240303,1)
(240321,1)
(240339,1)
(240375,1)
(240393,1)
(240411,1)
(240429,1)
(240447,1)
(240465,1)
(240483,1)
(240501,1)
(240519,1)
(240537,1)
(240555,1)
(240573,1)
(240591,1)
(240609,1)
(240627,1)
(240663,1)
(240681,1)
(240717,1)
(240951,1)
(240969,1)
(240987,1)
(241005,1)
(241023,1)
(241041,1)
(241059,1)
(241077,1)
(241113,1)
(241131,1)
(241149,1)
(241167,1)
(241185,1)
(241239,1)
(241257,1)
(241275,1)
(241293,1)
(241311,1)
(241329,1)
(241347,1)
(241365,1)
(241383,1)
(241401,1)
(241419,1)
(241437,1)
(241455,1)
(241473,1)
(241491,1)
(241527,1)
(241545,1)
(241563,1)
(241581,1)
(241599,1)
(241617,1)
(241635,1)
(241653,1)
(241671,1)
(241689,1)
(241707,1)
(241725,1)
(241743,1)
(241761,1)
(241779,1)
(241797,1)
(241815,1)
(241833,1)
(241851,1)
(241869,1)
(241887,1)
(241905,1)
(241923,1)
(241941,1)
(241959,1)
(241977,1)
(241995,1)
(242013,1)
(242031,1)
(242049,1)
(242067,1)
(242085,1)
(242103,1)
(242121,1)
(242139,1)
(242157,1)
(242175,1)
(242211,1)
(242229,1)
(242247,1)
(242265,1)
(242283,1)
(242301,1)
(242319,1)
(242355,1)
(242373,1)
(242391,1)
(242409,1)
(242427,1)
(242445,1)
(242463,1)
(242481,1)
(242499,1)
(242517,1)
(242535,1)
(242553,1)
(242571,1)
(242589,1)
(242607,1)
(242625,1)
(242643,1)
(242661,1)
(242679,1)
(242697,1)
(242715,1)
(242733,1)
(242751,1)
(242769,1)
(242805,1)
(242823,1)
(242841,1)
(242859,1)
(242877,1)
(242895,1)
(242913,1)
(242931,1)
(242949,1)
(242967,1)
(242985,1)
(243003,1)
(243021,1)
(243039,1)
(243075,1)
(243093,1)
(243111,1)
(243129,1)
(243147,1)
(243165,1)
(243183,1)
(243201,1)
(243219,1)
(243237,1)
(243255,1)
(243273,1)
(243291,1)
(243309,1)
(243327,1)
(243345,1)
(243363,1)
(243381,1)
(243399,1)
(243417,1)
(243435,1)
(243453,1)
(243471,1)
(243489,1)
(243507,1)
(243525,1)
(237820,1)
(237838,1)
(237856,1)
(237874,1)
(237892,1)
(237910,1)
(237946,1)
(237964,1)
(237982,1)
(238000,1)
(238018,1)
(238036,1)
(238054,1)
(238072,1)
(238090,1)
(238108,1)
(238126,1)
(238144,1)
(238162,1)
(238180,1)
(238216,1)
(238234,1)
(238252,1)
(238270,1)
(238288,1)
(238306,1)
(238324,1)
(238378,1)
(238396,1)
(238414,1)
(238468,1)
(238486,1)
(238504,1)
(238522,1)
(238540,1)
(238558,1)
(238576,1)
(238594,1)
(238612,1)
(238630,1)
(238648,1)
(238666,1)
(238684,1)
(238702,1)
(238720,1)
(238738,1)
(238774,1)
(238846,1)
(238864,1)
(238882,1)
(238900,1)
(238918,1)
(238936,1)
(238954,1)
(238972,1)
(238990,1)
(239008,1)
(239026,1)
(239044,1)
(239062,1)
(239080,1)
(239098,1)
(239116,1)
(239134,1)
(239152,1)
(239170,1)
(239188,1)
(239206,1)
(239224,1)
(239242,1)
(239260,1)
(239296,1)
(239314,1)
(239350,1)
(239368,1)
(239386,1)
(239404,1)
(239422,1)
(239440,1)
(239458,1)
(239476,1)
(239494,1)
(239512,1)
(239584,1)
(239602,1)
(239620,1)
(239638,1)
(239656,1)
(239692,1)
(239710,1)
(239728,1)
(239746,1)
(239764,1)
(239800,1)
(239818,1)
(239836,1)
(239854,1)
(239872,1)
(239890,1)
(239908,1)
(239926,1)
(239944,1)
(239962,1)
(239980,1)
(239998,1)
(240034,1)
(240052,1)
(240070,1)
(240088,1)
(240106,1)
(240124,1)
(240142,1)
(240160,1)
(240178,1)
(240214,1)
(240232,1)
(240250,1)
(240268,1)
(240286,1)
(240304,1)
(240322,1)
(240340,1)
(240376,1)
(240394,1)
(240412,1)
(240430,1)
(240448,1)
(240466,1)
(240484,1)
(240502,1)
(240520,1)
(240538,1)
(240556,1)
(240574,1)
(240592,1)
(240610,1)
(240628,1)
(240646,1)
(240682,1)
(240718,1)
(240952,1)
(240970,1)
(240988,1)
(241006,1)
(241024,1)
(241042,1)
(241114,1)
(241132,1)
(241150,1)
(241168,1)
(241186,1)
(241240,1)
(241258,1)
(241276,1)
(241294,1)
(241312,1)
(241330,1)
(241348,1)
(241366,1)
(241384,1)
(241402,1)
(241420,1)
(241438,1)
(241456,1)
(241474,1)
(241492,1)
(241510,1)
(241546,1)
(241564,1)
(241582,1)
(241600,1)
(241618,1)
(241636,1)
(241654,1)
(241672,1)
(241690,1)
(241708,1)
(241726,1)
(241744,1)
(241762,1)
(241780,1)
(241798,1)
(241816,1)
(241834,1)
(241852,1)
(241870,1)
(241888,1)
(241906,1)
(241924,1)
(241942,1)
(241960,1)
(241978,1)
(241996,1)
(242014,1)
(242032,1)
(242050,1)
(242068,1)
(242086,1)
(242104,1)
(242122,1)
(242140,1)
(242158,1)
(242176,1)
(242212,1)
(242230,1)
(242248,1)
(242266,1)
(242284,1)
(242302,1)
(242320,1)
(242356,1)
(242374,1)
(242392,1)
(242410,1)
(242428,1)
(242446,1)
(242464,1)
(242482,1)
(242500,1)
(242518,1)
(242536,1)
(242554,1)
(242572,1)
(242590,1)
(242608,1)
(242626,1)
(242644,1)
(242662,1)
(242680,1)
(242698,1)
(242716,1)
(242734,1)
(242752,1)
(242770,1)
(242788,1)
(242806,1)
(242824,1)
(242842,1)
(242860,1)
(242878,1)
(242896,1)
(242914,1)
(242932,1)
(242950,1)
(242968,1)
(242986,1)
(243004,1)
(243022,1)
(243040,1)
(243076,1)
(243094,1)
(243112,1)
(243130,1)
(243148,1)
(243166,1)
(243184,1)
(243202,1)
(243220,1)
(243238,1)
(243256,1)
(243274,1)
(243292,1)
(243310,1)
(243328,1)
(243346,1)
(243364,1)
(243382,1)
(243400,1)
(243418,1)
(243436,1)
(243454,1)
(243472,1)
(243490,1)
(243508,1)
(243526,1)
(237821,1)
(237839,1)
(237857,1)
(237875,1)
(237893,1)
(237911,1)
(237947,1)
(237965,1)
(237983,1)
(238001,1)
(238019,1)
(238037,1)
(238055,1)
(238073,1)
(238091,1)
(238109,1)
(238127,1)
(238145,1)
(238163,1)
(238181,1)
(238217,1)
(238235,1)
(238253,1)
(238271,1)
(238289,1)
(238307,1)
(238325,1)
(238343,1)
(238361,1)
(238379,1)
(238397,1)
(238415,1)
(238469,1)
(238487,1)
(238505,1)
(238523,1)
(238541,1)
(238559,1)
(238577,1)
(238595,1)
(238613,1)
(238631,1)
(238649,1)
(238667,1)
(238685,1)
(238703,1)
(238721,1)
(238739,1)
(238775,1)
(238847,1)
(238865,1)
(238883,1)
(238901,1)
(238919,1)
(238937,1)
(238955,1)
(238973,1)
(238991,1)
(239009,1)
(239027,1)
(239045,1)
(239063,1)
(239081,1)
(239099,1)
(239117,1)
(239135,1)
(239153,1)
(239171,1)
(239189,1)
(239207,1)
(239225,1)
(239243,1)
(239261,1)
(239279,1)
(239297,1)
(239315,1)
(239351,1)
(239369,1)
(239387,1)
(239405,1)
(239423,1)
(239441,1)
(239459,1)
(239495,1)
(239513,1)
(239585,1)
(239603,1)
(239621,1)
(239639,1)
(239657,1)
(239693,1)
(239711,1)
(239729,1)
(239747,1)
(239765,1)
(239801,1)
(239819,1)
(239837,1)
(239855,1)
(239873,1)
(239891,1)
(239909,1)
(239927,1)
(239945,1)
(239963,1)
(239981,1)
(239999,1)
(240035,1)
(240053,1)
(240071,1)
(240089,1)
(240107,1)
(240125,1)
(240143,1)
(240161,1)
(240179,1)
(240215,1)
(240233,1)
(240251,1)
(240269,1)
(240287,1)
(240305,1)
(240323,1)
(240341,1)
(240377,1)
(240395,1)
(240413,1)
(240431,1)
(240449,1)
(240467,1)
(240521,1)
(240539,1)
(240557,1)
(240575,1)
(240593,1)
(240629,1)
(240647,1)
(240665,1)
(240683,1)
(240701,1)
(240719,1)
(240809,1)
(240881,1)
(240953,1)
(240971,1)
(240989,1)
(241007,1)
(241025,1)
(241043,1)
(241061,1)
(241079,1)
(241115,1)
(241133,1)
(241151,1)
(241169,1)
(241187,1)
(241205,1)
(241241,1)
(241259,1)
(241277,1)
(241295,1)
(241313,1)
(241331,1)
(241349,1)
(241367,1)
(241385,1)
(241403,1)
(241421,1)
(241439,1)
(241457,1)
(241475,1)
(241493,1)
(241511,1)
(241529,1)
(241547,1)
(241565,1)
(241583,1)
(241601,1)
(241619,1)
(241637,1)
(241655,1)
(241673,1)
(241691,1)
(241709,1)
(241727,1)
(241745,1)
(241763,1)
(241781,1)
(241799,1)
(241817,1)
(241835,1)
(241853,1)
(241871,1)
(241889,1)
(241907,1)
(241925,1)
(241943,1)
(241961,1)
(241979,1)
(241997,1)
(242015,1)
(242033,1)
(242051,1)
(242069,1)
(242087,1)
(242105,1)
(242123,1)
(242141,1)
(242159,1)
(242177,1)
(242213,1)
(242231,1)
(242249,1)
(242267,1)
(242285,1)
(242303,1)
(242321,1)
(242357,1)
(242375,1)
(242393,1)
(242411,1)
(242429,1)
(242447,1)
(242465,1)
(242483,1)
(242501,1)
(242519,1)
(242537,1)
(242555,1)
(242573,1)
(242591,1)
(242609,1)
(242645,1)
(242663,1)
(242681,1)
(242699,1)
(242717,1)
(242735,1)
(242753,1)
(242771,1)
(242789,1)
(242807,1)
(242825,1)
(242843,1)
(242861,1)
(242879,1)
(242897,1)
(242915,1)
(242933,1)
(242951,1)
(242969,1)
(242987,1)
(243005,1)
(243023,1)
(243041,1)
(243077,1)
(243095,1)
(243113,1)
(243131,1)
(243149,1)
(243167,1)
(243185,1)
(243203,1)
(243221,1)
(243239,1)
(243257,1)
(243275,1)
(243293,1)
(243311,1)
(243329,1)
(243347,1)
(243365,1)
(243383,1)
(243401,1)
(243419,1)
(243437,1)
(243455,1)
(243473,1)
(243491,1)
(243509,1)
(243527,1)
(237822,1)
(237840,1)
(237858,1)
(237876,1)
(237894,1)
(237912,1)
(237948,1)
(237966,1)
(238002,1)
(238020,1)
(238038,1)
(238056,1)
(238074,1)
(238092,1)
(238110,1)
(238128,1)
(238146,1)
(238164,1)
(238182,1)
(238218,1)
(238236,1)
(238254,1)
(238272,1)
(238290,1)
(238308,1)
(238326,1)
(238344,1)
(238380,1)
(238398,1)
(238416,1)
(238470,1)
(238488,1)
(238506,1)
(238524,1)
(238542,1)
(238560,1)
(238578,1)
(238596,1)
(238614,1)
(238632,1)
(238668,1)
(238704,1)
(238722,1)
(238740,1)
(238776,1)
(238848,1)
(238866,1)
(238884,1)
(238902,1)
(238920,1)
(238938,1)
(238956,1)
(238974,1)
(238992,1)
(239010,1)
(239028,1)
(239064,1)
(239082,1)
(239100,1)
(239118,1)
(239136,1)
(239154,1)
(239172,1)
(239190,1)
(239208,1)
(239226,1)
(239244,1)
(239262,1)
(239280,1)
(239298,1)
(239316,1)
(239370,1)
(239388,1)
(239406,1)
(239424,1)
(239442,1)
(239460,1)
(239496,1)
(239514,1)
(239586,1)
(239604,1)
(239622,1)
(239640,1)
(239658,1)
(239676,1)
(239694,1)
(239712,1)
(239730,1)
(239748,1)
(239766,1)
(239802,1)
(239820,1)
(239838,1)
(239856,1)
(239874,1)
(239892,1)
(239910,1)
(239946,1)
(239964,1)
(239982,1)
(240000,1)
(240018,1)
(240036,1)
(240054,1)
(240072,1)
(240090,1)
(240108,1)
(240126,1)
(240144,1)
(240162,1)
(240180,1)
(240216,1)
(240234,1)
(240252,1)
(240270,1)
(240288,1)
(240306,1)
(240324,1)
(240342,1)
(240378,1)
(240396,1)
(240414,1)
(240450,1)
(240468,1)
(240486,1)
(240522,1)
(240540,1)
(240558,1)
(240576,1)
(240594,1)
(240612,1)
(240630,1)
(240648,1)
(240666,1)
(240684,1)
(240702,1)
(240720,1)
(240810,1)
(240954,1)
(240972,1)
(240990,1)
(241008,1)
(241026,1)
(241044,1)
(241062,1)
(241080,1)
(241098,1)
(241116,1)
(241134,1)
(241152,1)
(241170,1)
(241188,1)
(241224,1)
(241242,1)
(241260,1)
(241278,1)
(241296,1)
(241314,1)
(241332,1)
(241350,1)
(241368,1)
(241386,1)
(241404,1)
(241422,1)
(241440,1)
(241458,1)
(241476,1)
(241494,1)
(241512,1)
(241530,1)
(241548,1)
(241566,1)
(241584,1)
(241602,1)
(241620,1)
(241638,1)
(241656,1)
(241674,1)
(241692,1)
(241710,1)
(241728,1)
(241746,1)
(241764,1)
(241782,1)
(241800,1)
(241818,1)
(241836,1)
(241854,1)
(241872,1)
(241890,1)
(241908,1)
(241926,1)
(241944,1)
(241962,1)
(241980,1)
(241998,1)
(242016,1)
(242034,1)
(242052,1)
(242070,1)
(242088,1)
(242106,1)
(242124,1)
(242142,1)
(242160,1)
(242178,1)
(242196,1)
(242214,1)
(242232,1)
(242250,1)
(242268,1)
(242286,1)
(242304,1)
(242322,1)
(242340,1)
(242358,1)
(242376,1)
(242394,1)
(242412,1)
(242430,1)
(242448,1)
(242466,1)
(242484,1)
(242502,1)
(242520,1)
(242538,1)
(242556,1)
(242574,1)
(242592,1)
(242610,1)
(242646,1)
(242664,1)
(242682,1)
(242700,1)
(242718,1)
(242736,1)
(242754,1)
(242790,1)
(242808,1)
(242826,1)
(242844,1)
(242862,1)
(242880,1)
(242898,1)
(242916,1)
(242934,1)
(242952,1)
(242970,1)
(242988,1)
(243006,1)
(243024,1)
(243042,1)
(243060,1)
(243078,1)
(243096,1)
(243114,1)
(243132,1)
(243150,1)
(243168,1)
(243186,1)
(243204,1)
(243222,1)
(243240,1)
(243258,1)
(243276,1)
(243294,1)
(243312,1)
(243330,1)
(243348,1)
(243366,1)
(243384,1)
(243402,1)
(243420,1)
(243438,1)
(243456,1)
(243474,1)
(243492,1)
(243510,1)
(243528,1)
(237823,1)
(237841,1)
(237859,1)
(237877,1)
(237895,1)
(237913,1)
(237949,1)
(237967,1)
(237985,1)
(238003,1)
(238021,1)
(238039,1)
(238075,1)
(238111,1)
(238129,1)
(238147,1)
(238165,1)
(238183,1)
(238219,1)
(238237,1)
(238255,1)
(238273,1)
(238291,1)
(238309,1)
(238327,1)
(238345,1)
(238363,1)
(238381,1)
(238399,1)
(238417,1)
(238471,1)
(238489,1)
(238507,1)
(238525,1)
(238543,1)
(238561,1)
(238579,1)
(238597,1)
(238615,1)
(238633,1)
(238669,1)
(238705,1)
(238723,1)
(238741,1)
(238777,1)
(238849,1)
(238867,1)
(238903,1)
(238921,1)
(238939,1)
(239011,1)
(239047,1)
(239065,1)
(239083,1)
(239101,1)
(239119,1)
(239137,1)
(239155,1)
(239173,1)
(239191,1)
(239209,1)
(239227,1)
(239245,1)
(239263,1)
(239281,1)
(239299,1)
(239317,1)
(239335,1)
(239353,1)
(239371,1)
(239389,1)
(239407,1)
(239425,1)
(239443,1)
(239461,1)
(239497,1)
(239515,1)
(239587,1)
(239605,1)
(239623,1)
(239641,1)
(239659,1)
(239677,1)
(239713,1)
(239731,1)
(239749,1)
(239767,1)
(239785,1)
(239803,1)
(239821,1)
(239839,1)
(239857,1)
(239875,1)
(239893,1)
(239911,1)
(239929,1)
(239947,1)
(239965,1)
(239983,1)
(240001,1)
(240019,1)
(240037,1)
(240055,1)
(240073,1)
(240091,1)
(240109,1)
(240127,1)
(240145,1)
(240163,1)
(240181,1)
(240217,1)
(240235,1)
(240253,1)
(240271,1)
(240289,1)
(240307,1)
(240325,1)
(240343,1)
(240379,1)
(240397,1)
(240415,1)
(240451,1)
(240469,1)
(240487,1)
(240523,1)
(240541,1)
(240559,1)
(240577,1)
(240595,1)
(240613,1)
(240631,1)
(240649,1)
(240667,1)
(240685,1)
(240703,1)
(240721,1)
(240847,1)
(240955,1)
(240973,1)
(240991,1)
(241009,1)
(241027,1)
(241045,1)
(241063,1)
(241081,1)
(241099,1)
(241117,1)
(241135,1)
(241153,1)
(241171,1)
(241189,1)
(241225,1)
(241243,1)
(241261,1)
(241279,1)
(241297,1)
(241315,1)
(241333,1)
(241351,1)
(241369,1)
(241387,1)
(241405,1)
(241423,1)
(241441,1)
(241459,1)
(241477,1)
(241495,1)
(241513,1)
(241531,1)
(241549,1)
(241567,1)
(241585,1)
(241603,1)
(241621,1)
(241639,1)
(241657,1)
(241675,1)
(241693,1)
(241711,1)
(241729,1)
(241747,1)
(241765,1)
(241783,1)
(241801,1)
(241819,1)
(241837,1)
(241855,1)
(241873,1)
(241891,1)
(241909,1)
(241927,1)
(241945,1)
(241963,1)
(241981,1)
(241999,1)
(242017,1)
(242035,1)
(242053,1)
(242071,1)
(242089,1)
(242107,1)
(242125,1)
(242143,1)
(242161,1)
(242179,1)
(242197,1)
(242215,1)
(242233,1)
(242251,1)
(242269,1)
(242287,1)
(242305,1)
(242323,1)
(242341,1)
(242359,1)
(242377,1)
(242395,1)
(242413,1)
(242431,1)
(242449,1)
(242467,1)
(242485,1)
(242503,1)
(242521,1)
(242539,1)
(242557,1)
(242575,1)
(242593,1)
(242611,1)
(242647,1)
(242665,1)
(242683,1)
(242701,1)
(242719,1)
(242737,1)
(242755,1)
(242791,1)
(242809,1)
(242827,1)
(242845,1)
(242863,1)
(242881,1)
(242899,1)
(242917,1)
(242935,1)
(242953,1)
(242971,1)
(242989,1)
(243007,1)
(243025,1)
(243043,1)
(243061,1)
(243079,1)
(243097,1)
(243115,1)
(243133,1)
(243151,1)
(243169,1)
(243187,1)
(243205,1)
(243223,1)
(243241,1)
(243259,1)
(243277,1)
(243295,1)
(243313,1)
(243331,1)
(243349,1)
(243367,1)
(243385,1)
(243403,1)
(243421,1)
(243439,1)
(243457,1)
(243475,1)
(243493,1)
(243511,1)
(243529,1)
(237824,1)
(237842,1)
(237860,1)
(237878,1)
(237896,1)
(237914,1)
(237950,1)
(237968,1)
(237986,1)
(238004,1)
(238022,1)
(238040,1)
(238130,1)
(238148,1)
(238166,1)
(238184,1)
(238220,1)
(238238,1)
(238256,1)
(238274,1)
(238292,1)
(238310,1)
(238328,1)
(238346,1)
(238364,1)
(238382,1)
(238400,1)
(238418,1)
(238472,1)
(238490,1)
(238508,1)
(238526,1)
(238544,1)
(238562,1)
(238598,1)
(238616,1)
(238634,1)
(238652,1)
(238670,1)
(238706,1)
(238724,1)
(238742,1)
(238850,1)
(238868,1)
(238886,1)
(238904,1)
(238922,1)
(238940,1)
(238958,1)
(238976,1)
(238994,1)
(239012,1)
(239066,1)
(239084,1)
(239102,1)
(239120,1)
(239138,1)
(239156,1)
(239174,1)
(239192,1)
(239210,1)
(239228,1)
(239246,1)
(239264,1)
(239282,1)
(239300,1)
(239318,1)
(239336,1)
(239354,1)
(239372,1)
(239390,1)
(239408,1)
(239426,1)
(239444,1)
(239462,1)
(239498,1)
(239516,1)
(239588,1)
(239606,1)
(239624,1)
(239642,1)
(239660,1)
(239678,1)
(239714,1)
(239732,1)
(239750,1)
(239768,1)
(239786,1)
(239804,1)
(239822,1)
(239840,1)
(239858,1)
(239876,1)
(239894,1)
(239912,1)
(239948,1)
(239966,1)
(239984,1)
(240002,1)
(240020,1)
(240038,1)
(240056,1)
(240074,1)
(240092,1)
(240110,1)
(240128,1)
(240146,1)
(240164,1)
(240182,1)
(240218,1)
(240236,1)
(240254,1)
(240272,1)
(240290,1)
(240308,1)
(240326,1)
(240344,1)
(240380,1)
(240398,1)
(240416,1)
(240452,1)
(240470,1)
(240488,1)
(240506,1)
(240524,1)
(240542,1)
(240560,1)
(240578,1)
(240596,1)
(240614,1)
(240632,1)
(240650,1)
(240668,1)
(240686,1)
(240704,1)
(240956,1)
(240974,1)
(240992,1)
(241010,1)
(241028,1)
(241046,1)
(241064,1)
(241082,1)
(241100,1)
(241118,1)
(241136,1)
(241154,1)
(241172,1)
(241190,1)
(241208,1)
(241226,1)
(241244,1)
(241262,1)
(241280,1)
(241298,1)
(241316,1)
(241334,1)
(241352,1)
(241370,1)
(241388,1)
(241406,1)
(241424,1)
(241442,1)
(241460,1)
(241478,1)
(241496,1)
(241514,1)
(241550,1)
(241568,1)
(241586,1)
(241604,1)
(241622,1)
(241640,1)
(241658,1)
(241676,1)
(241694,1)
(241712,1)
(241730,1)
(241748,1)
(241766,1)
(241784,1)
(241802,1)
(241820,1)
(241838,1)
(241856,1)
(241874,1)
(241892,1)
(241910,1)
(241928,1)
(241946,1)
(241964,1)
(241982,1)
(242000,1)
(242018,1)
(242036,1)
(242054,1)
(242072,1)
(242090,1)
(242108,1)
(242126,1)
(242144,1)
(242162,1)
(242180,1)
(242198,1)
(242216,1)
(242234,1)
(242252,1)
(242270,1)
(242288,1)
(242306,1)
(242342,1)
(242360,1)
(242378,1)
(242396,1)
(242414,1)
(242432,1)
(242450,1)
(242468,1)
(242486,1)
(242504,1)
(242522,1)
(242540,1)
(242558,1)
(242576,1)
(242594,1)
(242612,1)
(242630,1)
(242648,1)
(242666,1)
(242684,1)
(242702,1)
(242720,1)
(242738,1)
(242756,1)
(242792,1)
(242810,1)
(242828,1)
(242864,1)
(242882,1)
(242900,1)
(242918,1)
(242936,1)
(242954,1)
(242972,1)
(242990,1)
(243008,1)
(243026,1)
(243044,1)
(243062,1)
(243080,1)
(243098,1)
(243116,1)
(243134,1)
(243152,1)
(243170,1)
(243188,1)
(243206,1)
(243224,1)
(243242,1)
(243260,1)
(243278,1)
(243296,1)
(243314,1)
(243332,1)
(243350,1)
(243368,1)
(243386,1)
(243404,1)
(243422,1)
(243440,1)
(243458,1)
(243476,1)
(243494,1)
(243512,1)
(243530,1)
(237825,1)
(237843,1)
(237861,1)
(237879,1)
(237897,1)
(237915,1)
(237951,1)
(237969,1)
(237987,1)
(238041,1)
(238077,1)
(238095,1)
(238131,1)
(238149,1)
(238167,1)
(238185,1)
(238221,1)
(238239,1)
(238257,1)
(238275,1)
(238293,1)
(238311,1)
(238329,1)
(238347,1)
(238365,1)
(238383,1)
(238419,1)
(238473,1)
(238491,1)
(238509,1)
(238527,1)
(238545,1)
(238563,1)
(238599,1)
(238617,1)
(238635,1)
(238653,1)
(238671,1)
(238689,1)
(238707,1)
(238725,1)
(238743,1)
(238833,1)
(238851,1)
(238869,1)
(238905,1)
(238923,1)
(238941,1)
(238959,1)
(238977,1)
(239013,1)
(239067,1)
(239085,1)
(239103,1)
(239121,1)
(239139,1)
(239157,1)
(239175,1)
(239193,1)
(239211,1)
(239229,1)
(239247,1)
(239265,1)
(239283,1)
(239301,1)
(239319,1)
(239337,1)
(239355,1)
(239373,1)
(239391,1)
(239427,1)
(239445,1)
(239463,1)
(239499,1)
(239517,1)
(239589,1)
(239607,1)
(239625,1)
(239643,1)
(239661,1)
(239679,1)
(239715,1)
(239733,1)
(239751,1)
(239769,1)
(239787,1)
(239805,1)
(239823,1)
(239841,1)
(239859,1)
(239877,1)
(239895,1)
(239913,1)
(239949,1)
(239967,1)
(239985,1)
(240003,1)
(240021,1)
(240039,1)
(240057,1)
(240075,1)
(240093,1)
(240111,1)
(240129,1)
(240147,1)
(240165,1)
(240183,1)
(240219,1)
(240237,1)
(240255,1)
(240273,1)
(240291,1)
(240309,1)
(240327,1)
(240345,1)
(240381,1)
(240399,1)
(240417,1)
(240435,1)
(240453,1)
(240471,1)
(240489,1)
(240507,1)
(240525,1)
(240543,1)
(240561,1)
(240579,1)
(240597,1)
(240615,1)
(240633,1)
(240651,1)
(240687,1)
(240723,1)
(240939,1)
(240957,1)
(240975,1)
(240993,1)
(241011,1)
(241029,1)
(241047,1)
(241065,1)
(241083,1)
(241101,1)
(241119,1)
(241137,1)
(241155,1)
(241173,1)
(241191,1)
(241227,1)
(241245,1)
(241263,1)
(241281,1)
(241299,1)
(241317,1)
(241335,1)
(241353,1)
(241371,1)
(241389,1)
(241407,1)
(241425,1)
(241443,1)
(241461,1)
(241479,1)
(241497,1)
(241515,1)
(241569,1)
(241587,1)
(241605,1)
(241623,1)
(241641,1)
(241659,1)
(241677,1)
(241695,1)
(241713,1)
(241731,1)
(241749,1)
(241767,1)
(241785,1)
(241803,1)
(241821,1)
(241839,1)
(241857,1)
(241875,1)
(241893,1)
(241911,1)
(241929,1)
(241947,1)
(241965,1)
(242001,1)
(242019,1)
(242037,1)
(242055,1)
(242073,1)
(242091,1)
(242109,1)
(242127,1)
(242145,1)
(242163,1)
(242181,1)
(242199,1)
(242217,1)
(242235,1)
(242253,1)
(242271,1)
(242289,1)
(242307,1)
(242343,1)
(242361,1)
(242379,1)
(242397,1)
(242415,1)
(242433,1)
(242451,1)
(242469,1)
(242487,1)
(242505,1)
(242523,1)
(242541,1)
(242559,1)
(242577,1)
(242595,1)
(242613,1)
(242631,1)
(242649,1)
(242667,1)
(242685,1)
(242703,1)
(242721,1)
(242739,1)
(242757,1)
(242793,1)
(242811,1)
(242829,1)
(242865,1)
(242883,1)
(242901,1)
(242919,1)
(242937,1)
(242955,1)
(242973,1)
(242991,1)
(243009,1)
(243027,1)
(243045,1)
(243063,1)
(243081,1)
(243099,1)
(243117,1)
(243135,1)
(243153,1)
(243171,1)
(243189,1)
(243225,1)
(243243,1)
(243261,1)
(243279,1)
(243297,1)
(243315,1)
(243333,1)
(243351,1)
(243369,1)
(243387,1)
(243405,1)
(243423,1)
(243441,1)
(243459,1)
(243477,1)
(243495,1)
(243513,1)
(237826,1)
(237844,1)
(237862,1)
(237880,1)
(237898,1)
(237916,1)
(237952,1)
(237970,1)
(237988,1)
(238006,1)
(238024,1)
(238042,1)
(238060,1)
(238078,1)
(238096,1)
(238114,1)
(238132,1)
(238150,1)
(238168,1)
(238186,1)
(238222,1)
(238240,1)
(238258,1)
(238276,1)
(238294,1)
(238312,1)
(238330,1)
(238348,1)
(238366,1)
(238384,1)
(238402,1)
(238420,1)
(238474,1)
(238492,1)
(238510,1)
(238528,1)
(238546,1)
(238564,1)
(238600,1)
(238618,1)
(238636,1)
(238654,1)
(238672,1)
(238690,1)
(238744,1)
(238762,1)
(238834,1)
(238852,1)
(238870,1)
(238888,1)
(238906,1)
(238924,1)
(238942,1)
(238960,1)
(238978,1)
(238996,1)
(239014,1)
(239032,1)
(239068,1)
(239086,1)
(239104,1)
(239122,1)
(239158,1)
(239176,1)
(239194,1)
(239212,1)
(239230,1)
(239248,1)
(239266,1)
(239284,1)
(239302,1)
(239320,1)
(239338,1)
(239374,1)
(239392,1)
(239410,1)
(239428,1)
(239446,1)
(239464,1)
(239500,1)
(239518,1)
(239590,1)
(239608,1)
(239626,1)
(239644,1)
(239662,1)
(239680,1)
(239698,1)
(239716,1)
(239734,1)
(239752,1)
(239770,1)
(239788,1)
(239806,1)
(239824,1)
(239842,1)
(239860,1)
(239878,1)
(239896,1)
(239914,1)
(239932,1)
(239950,1)
(239968,1)
(240004,1)
(240022,1)
(240040,1)
(240058,1)
(240076,1)
(240094,1)
(240112,1)
(240130,1)
(240148,1)
(240166,1)
(240184,1)
(240220,1)
(240238,1)
(240256,1)
(240274,1)
(240292,1)
(240310,1)
(240328,1)
(240346,1)
(240382,1)
(240400,1)
(240418,1)
(240436,1)
(240454,1)
(240472,1)
(240490,1)
(240526,1)
(240544,1)
(240562,1)
(240580,1)
(240598,1)
(240616,1)
(240634,1)
(240652,1)
(240688,1)
(240724,1)
(240850,1)
(240940,1)
(240958,1)
(240976,1)
(240994,1)
(241012,1)
(241030,1)
(241048,1)
(241066,1)
(241084,1)
(241102,1)
(241120,1)
(241138,1)
(241156,1)
(241174,1)
(241192,1)
(241228,1)
(241246,1)
(241264,1)
(241282,1)
(241300,1)
(241318,1)
(241336,1)
(241354,1)
(241372,1)
(241390,1)
(241408,1)
(241426,1)
(241444,1)
(241462,1)
(241480,1)
(241498,1)
(241516,1)
(241570,1)
(241588,1)
(241606,1)
(241624,1)
(241642,1)
(241660,1)
(241678,1)
(241696,1)
(241714,1)
(241732,1)
(241750,1)
(241768,1)
(241786,1)
(241804,1)
(241822,1)
(241840,1)
(241858,1)
(241876,1)
(241894,1)
(241912,1)
(241930,1)
(241948,1)
(241966,1)
(242002,1)
(242020,1)
(242038,1)
(242056,1)
(242074,1)
(242092,1)
(242110,1)
(242128,1)
(242146,1)
(242164,1)
(242182,1)
(242200,1)
(242218,1)
(242236,1)
(242254,1)
(242272,1)
(242290,1)
(242308,1)
(242344,1)
(242362,1)
(242380,1)
(242398,1)
(242416,1)
(242434,1)
(242452,1)
(242470,1)
(242488,1)
(242506,1)
(242524,1)
(242542,1)
(242560,1)
(242578,1)
(242596,1)
(242614,1)
(242632,1)
(242650,1)
(242668,1)
(242686,1)
(242704,1)
(242722,1)
(242740,1)
(242758,1)
(242794,1)
(242812,1)
(242830,1)
(242866,1)
(242884,1)
(242902,1)
(242920,1)
(242938,1)
(242956,1)
(242974,1)
(242992,1)
(243010,1)
(243028,1)
(243046,1)
(243064,1)
(243082,1)
(243100,1)
(243118,1)
(243136,1)
(243154,1)
(243172,1)
(243190,1)
(243226,1)
(243244,1)
(243262,1)
(243280,1)
(243298,1)
(243316,1)
(243334,1)
(243352,1)
(243370,1)
(243388,1)
(243406,1)
(243424,1)
(243442,1)
(243460,1)
(243478,1)
(243496,1)
(243514,1)
(237827,1)
(237881,1)
(237917,1)
(237953,1)
(237971,1)
(237989,1)
(238007,1)
(238043,1)
(238061,1)
(238079,1)
(238097,1)
(238115,1)
(238133,1)
(238151,1)
(238169,1)
(238187,1)
(238223,1)
(238241,1)
(238259,1)
(238277,1)
(238313,1)
(238331,1)
(238349,1)
(238367,1)
(238385,1)
(238421,1)
(238493,1)
(238511,1)
(238529,1)
(238547,1)
(238565,1)
(238583,1)
(238601,1)
(238619,1)
(238637,1)
(238655,1)
(238673,1)
(238691,1)
(238709,1)
(238727,1)
(238745,1)
(238763,1)
(238835,1)
(238853,1)
(238871,1)
(238907,1)
(238925,1)
(238943,1)
(238961,1)
(238979,1)
(238997,1)
(239015,1)
(239033,1)
(239069,1)
(239087,1)
(239105,1)
(239123,1)
(239159,1)
(239177,1)
(239195,1)
(239213,1)
(239231,1)
(239249,1)
(239267,1)
(239285,1)
(239303,1)
(239321,1)
(239339,1)
(239375,1)
(239393,1)
(239411,1)
(239429,1)
(239447,1)
(239465,1)
(239483,1)
(239501,1)
(239519,1)
(239591,1)
(239627,1)
(239645,1)
(239663,1)
(239681,1)
(239699,1)
(239717,1)
(239735,1)
(239753,1)
(239771,1)
(239789,1)
(239807,1)
(239825,1)
(239843,1)
(239861,1)
(239879,1)
(239897,1)
(239915,1)
(239933,1)
(239969,1)
(240005,1)
(240023,1)
(240041,1)
(240059,1)
(240077,1)
(240095,1)
(240113,1)
(240131,1)
(240149,1)
(240167,1)
(240185,1)
(240221,1)
(240239,1)
(240257,1)
(240275,1)
(240293,1)
(240311,1)
(240329,1)
(240347,1)
(240383,1)
(240401,1)
(240419,1)
(240437,1)
(240473,1)
(240491,1)
(240509,1)
(240527,1)
(240545,1)
(240563,1)
(240581,1)
(240599,1)
(240617,1)
(240635,1)
(240653,1)
(240689,1)
(240851,1)
(240941,1)
(240959,1)
(240977,1)
(240995,1)
(241013,1)
(241031,1)
(241049,1)
(241067,1)
(241085,1)
(241103,1)
(241121,1)
(241139,1)
(241157,1)
(241175,1)
(241193,1)
(241229,1)
(241247,1)
(241265,1)
(241283,1)
(241301,1)
(241319,1)
(241337,1)
(241355,1)
(241373,1)
(241391,1)
(241409,1)
(241427,1)
(241445,1)
(241463,1)
(241481,1)
(241499,1)
(241517,1)
(241535,1)
(241571,1)
(241589,1)
(241607,1)
(241625,1)
(241643,1)
(241661,1)
(241679,1)
(241697,1)
(241715,1)
(241733,1)
(241751,1)
(241769,1)
(241787,1)
(241805,1)
(241823,1)
(241841,1)
(241859,1)
(241877,1)
(241895,1)
(241913,1)
(241931,1)
(241949,1)
(241967,1)
(242003,1)
(242021,1)
(242039,1)
(242057,1)
(242075,1)
(242093,1)
(242111,1)
(242129,1)
(242147,1)
(242165,1)
(242183,1)
(242201,1)
(242219,1)
(242237,1)
(242255,1)
(242273,1)
(242291,1)
(242309,1)
(242345,1)
(242363,1)
(242381,1)
(242399,1)
(242417,1)
(242435,1)
(242453,1)
(242471,1)
(242489,1)
(242507,1)
(242525,1)
(242543,1)
(242561,1)
(242579,1)
(242597,1)
(242615,1)
(242633,1)
(242651,1)
(242669,1)
(242687,1)
(242705,1)
(242723,1)
(242741,1)
(242759,1)
(242795,1)
(242813,1)
(242831,1)
(242849,1)
(242867,1)
(242885,1)
(242903,1)
(242921,1)
(242939,1)
(242957,1)
(242975,1)
(242993,1)
(243011,1)
(243029,1)
(243047,1)
(243065,1)
(243083,1)
(243101,1)
(243119,1)
(243137,1)
(243155,1)
(243173,1)
(243191,1)
(243209,1)
(243227,1)
(243245,1)
(243263,1)
(243281,1)
(243299,1)
(243317,1)
(243335,1)
(243353,1)
(243371,1)
(243389,1)
(243407,1)
(243425,1)
(243443,1)
(243461,1)
(243479,1)
(243497,1)
(243515,1)
(237828,1)
(237846,1)
(237864,1)
(237882,1)
(237900,1)
(237918,1)
(237954,1)
(237972,1)
(237990,1)
(238008,1)
(238026,1)
(238044,1)
(238062,1)
(238080,1)
(238098,1)
(238116,1)
(238134,1)
(238152,1)
(238170,1)
(238224,1)
(238242,1)
(238260,1)
(238278,1)
(238296,1)
(238314,1)
(238332,1)
(238350,1)
(238368,1)
(238386,1)
(238404,1)
(238422,1)
(238476,1)
(238494,1)
(238512,1)
(238530,1)
(238548,1)
(238566,1)
(238620,1)
(238638,1)
(238656,1)
(238674,1)
(238692,1)
(238710,1)
(238728,1)
(238764,1)
(238836,1)
(238854,1)
(238872,1)
(238890,1)
(238908,1)
(238926,1)
(238944,1)
(238962,1)
(238980,1)
(238998,1)
(239016,1)
(239034,1)
(239052,1)
(239070,1)
(239088,1)
(239106,1)
(239124,1)
(239142,1)
(239160,1)
(239178,1)
(239196,1)
(239214,1)
(239232,1)
(239250,1)
(239268,1)
(239286,1)
(239304,1)
(239322,1)
(239340,1)
(239376,1)
(239394,1)
(239412,1)
(239430,1)
(239448,1)
(239466,1)
(239484,1)
(239502,1)
(239520,1)
(239592,1)
(239628,1)
(239646,1)
(239664,1)
(239682,1)
(239700,1)
(239718,1)
(239736,1)
(239754,1)
(239772,1)
(239790,1)
(239808,1)
(239826,1)
(239844,1)
(239862,1)
(239880,1)
(239898,1)
(239916,1)
(239952,1)
(239970,1)
(240006,1)
(240024,1)
(240042,1)
(240060,1)
(240078,1)
(240096,1)
(240114,1)
(240132,1)
(240150,1)
(240168,1)
(240186,1)
(240222,1)
(240240,1)
(240258,1)
(240276,1)
(240294,1)
(240312,1)
(240330,1)
(240348,1)
(240384,1)
(240402,1)
(240420,1)
(240474,1)
(240492,1)
(240510,1)
(240528,1)
(240546,1)
(240564,1)
(240582,1)
(240600,1)
(240618,1)
(240636,1)
(240654,1)
(240672,1)
(240690,1)
(240942,1)
(241014,1)
(241032,1)
(241050,1)
(241068,1)
(241086,1)
(241104,1)
(241122,1)
(241140,1)
(241158,1)
(241176,1)
(241194,1)
(241230,1)
(241248,1)
(241266,1)
(241284,1)
(241302,1)
(241338,1)
(241356,1)
(241374,1)
(241392,1)
(241410,1)
(241428,1)
(241446,1)
(241464,1)
(241500,1)
(241518,1)
(241536,1)
(241554,1)
(241572,1)
(241590,1)
(241608,1)
(241626,1)
(241644,1)
(241662,1)
(241680,1)
(241698,1)
(241716,1)
(241734,1)
(241752,1)
(241788,1)
(241806,1)
(241824,1)
(241842,1)
(241860,1)
(241878,1)
(241896,1)
(241914,1)
(241932,1)
(241950,1)
(241968,1)
(241986,1)
(242004,1)
(242022,1)
(242040,1)
(242058,1)
(242076,1)
(242094,1)
(242112,1)
(242130,1)
(242148,1)
(242166,1)
(242184,1)
(242202,1)
(242220,1)
(242238,1)
(242256,1)
(242274,1)
(242292,1)
(242310,1)
(242346,1)
(242364,1)
(242382,1)
(242400,1)
(242418,1)
(242436,1)
(242454,1)
(242472,1)
(242490,1)
(242508,1)
(242526,1)
(242544,1)
(242562,1)
(242580,1)
(242598,1)
(242616,1)
(242634,1)
(242652,1)
(242670,1)
(242688,1)
(242706,1)
(242724,1)
(242742,1)
(242760,1)
(242796,1)
(242814,1)
(242832,1)
(242850,1)
(242868,1)
(242886,1)
(242904,1)
(242922,1)
(242940,1)
(242958,1)
(242976,1)
(242994,1)
(243012,1)
(243030,1)
(243048,1)
(243066,1)
(243084,1)
(243102,1)
(243120,1)
(243138,1)
(243156,1)
(243174,1)
(243192,1)
(243228,1)
(243246,1)
(243264,1)
(243282,1)
(243300,1)
(243318,1)
(243336,1)
(243354,1)
(243372,1)
(243390,1)
(243408,1)
(243426,1)
(243444,1)
(243462,1)
(243480,1)
(243498,1)
(243516,1)
(237829,1)
(237847,1)
(237883,1)
(237901,1)
(237919,1)
(237955,1)
(237973,1)
(237991,1)
(238009,1)
(238045,1)
(238063,1)
(238081,1)
(238099,1)
(238117,1)
(238135,1)
(238153,1)
(238225,1)
(238243,1)
(238261,1)
(238279,1)
(238315,1)
(238333,1)
(238351,1)
(238369,1)
(238387,1)
(238423,1)
(238459,1)
(238513,1)
(238531,1)
(238567,1)
(238585,1)
(238621,1)
(238639,1)
(238657,1)
(238675,1)
(238693,1)
(238711,1)
(238765,1)
(238837,1)
(238855,1)
(238873,1)
(238909,1)
(238927,1)
(238945,1)
(238963,1)
(238981,1)
(238999,1)
(239017,1)
(239035,1)
(239053,1)
(239071,1)
(239089,1)
(239107,1)
(239125,1)
(239143,1)
(239161,1)
(239179,1)
(239197,1)
(239215,1)
(239233,1)
(239251,1)
(239269,1)
(239287,1)
(239305,1)
(239323,1)
(239341,1)
(239359,1)
(239377,1)
(239395,1)
(239449,1)
(239467,1)
(239485,1)
(239503,1)
(239521,1)
(239593,1)
(239611,1)
(239629,1)
(239647,1)
(239665,1)
(239683,1)
(239701,1)
(239719,1)
(239737,1)
(239755,1)
(239773,1)
(239791,1)
(239809,1)
(239827,1)
(239845,1)
(239863,1)
(239881,1)
(239899,1)
(239917,1)
(239935,1)
(239953,1)
(239971,1)
(239989,1)
(240007,1)
(240025,1)
(240043,1)
(240061,1)
(240079,1)
(240097,1)
(240115,1)
(240133,1)
(240151,1)
(240169,1)
(240187,1)
(240223,1)
(240259,1)
(240277,1)
(240295,1)
(240313,1)
(240331,1)
(240349,1)
(240367,1)
(240385,1)
(240403,1)
(240421,1)
(240439,1)
(240457,1)
(240475,1)
(240493,1)
(240511,1)
(240529,1)
(240547,1)
(240565,1)
(240583,1)
(240601,1)
(240619,1)
(240637,1)
(240655,1)
(240673,1)
(240691,1)
(240853,1)
(240943,1)
(240961,1)
(240979,1)
(240997,1)
(241015,1)
(241033,1)
(241051,1)
(241069,1)
(241087,1)
(241105,1)
(241123,1)
(241141,1)
(241159,1)
(241177,1)
(241195,1)
(241231,1)
(241249,1)
(241267,1)
(241285,1)
(241303,1)
(241339,1)
(241357,1)
(241375,1)
(241393,1)
(241411,1)
(241429,1)
(241447,1)
(241465,1)
(241483,1)
(241501,1)
(241519,1)
(241537,1)
(241555,1)
(241573,1)
(241591,1)
(241609,1)
(241627,1)
(241645,1)
(241663,1)
(241681,1)
(241699,1)
(241717,1)
(241735,1)
(241753,1)
(241789,1)
(241807,1)
(241825,1)
(241843,1)
(241861,1)
(241879,1)
(241897,1)
(241915,1)
(241933,1)
(241951,1)
(241969,1)
(241987,1)
(242005,1)
(242023,1)
(242041,1)
(242059,1)
(242077,1)
(242095,1)
(242113,1)
(242131,1)
(242149,1)
(242167,1)
(242185,1)
(242203,1)
(242221,1)
(242239,1)
(242257,1)
(242275,1)
(242293,1)
(242311,1)
(242347,1)
(242365,1)
(242383,1)
(242401,1)
(242419,1)
(242437,1)
(242455,1)
(242473,1)
(242491,1)
(242509,1)
(242527,1)
(242545,1)
(242563,1)
(242581,1)
(242599,1)
(242617,1)
(242635,1)
(242653,1)
(242671,1)
(242689,1)
(242707,1)
(242725,1)
(242743,1)
(242761,1)
(242797,1)
(242815,1)
(242833,1)
(242851,1)
(242869,1)
(242887,1)
(242905,1)
(242923,1)
(242941,1)
(242959,1)
(242977,1)
(242995,1)
(243013,1)
(243031,1)
(243049,1)
(243067,1)
(243085,1)
(243103,1)
(243121,1)
(243139,1)
(243157,1)
(243175,1)
(243193,1)
(243211,1)
(243229,1)
(243247,1)
(243265,1)
(243283,1)
(243301,1)
(243337,1)
(243355,1)
(243373,1)
(243391,1)
(243409,1)
(243427,1)
(243445,1)
(243463,1)
(243481,1)
(243499,1)
(243517,1)
(237812,1)
(237830,1)
(237848,1)
(237866,1)
(237884,1)
(237920,1)
(237956,1)
(237974,1)
(237992,1)
(238010,1)
(238028,1)
(238046,1)
(238064,1)
(238082,1)
(238100,1)
(238118,1)
(238136,1)
(238154,1)
(238172,1)
(238190,1)
(238226,1)
(238244,1)
(238262,1)
(238280,1)
(238298,1)
(238316,1)
(238334,1)
(238352,1)
(238370,1)
(238388,1)
(238406,1)
(238424,1)
(238460,1)
(238478,1)
(238514,1)
(238532,1)
(238568,1)
(238586,1)
(238604,1)
(238622,1)
(238640,1)
(238658,1)
(238676,1)
(238694,1)
(238712,1)
(238730,1)
(238766,1)
(238838,1)
(238856,1)
(238874,1)
(238892,1)
(238910,1)
(238928,1)
(238946,1)
(238964,1)
(238982,1)
(239000,1)
(239018,1)
(239036,1)
(239054,1)
(239072,1)
(239090,1)
(239108,1)
(239126,1)
(239162,1)
(239180,1)
(239216,1)
(239234,1)
(239252,1)
(239270,1)
(239288,1)
(239306,1)
(239324,1)
(239342,1)
(239378,1)
(239396,1)
(239432,1)
(239450,1)
(239468,1)
(239486,1)
(239504,1)
(239522,1)
(239594,1)
(239612,1)
(239630,1)
(239648,1)
(239684,1)
(239702,1)
(239720,1)
(239738,1)
(239756,1)
(239774,1)
(239792,1)
(239810,1)
(239828,1)
(239846,1)
(239864,1)
(239882,1)
(239900,1)
(239918,1)
(239936,1)
(239954,1)
(239972,1)
(239990,1)
(240008,1)
(240026,1)
(240044,1)
(240080,1)
(240098,1)
(240116,1)
(240134,1)
(240152,1)
(240170,1)
(240188,1)
(240224,1)
(240260,1)
(240278,1)
(240296,1)
(240314,1)
(240332,1)
(240350,1)
(240368,1)
(240386,1)
(240404,1)
(240422,1)
(240440,1)
(240476,1)
(240494,1)
(240512,1)
(240530,1)
(240548,1)
(240566,1)
(240584,1)
(240602,1)
(240620,1)
(240638,1)
(240656,1)
(240674,1)
(240692,1)
(240944,1)
(240962,1)
(240980,1)
(240998,1)
(241016,1)
(241034,1)
(241052,1)
(241070,1)
(241088,1)
(241106,1)
(241124,1)
(241142,1)
(241160,1)
(241178,1)
(241196,1)
(241232,1)
(241250,1)
(241268,1)
(241286,1)
(241304,1)
(241340,1)
(241358,1)
(241376,1)
(241394,1)
(241412,1)
(241430,1)
(241448,1)
(241466,1)
(241484,1)
(241502,1)
(241520,1)
(241538,1)
(241556,1)
(241574,1)
(241592,1)
(241610,1)
(241628,1)
(241646,1)
(241664,1)
(241682,1)
(241700,1)
(241718,1)
(241736,1)
(241754,1)
(241790,1)
(241808,1)
(241826,1)
(241844,1)
(241862,1)
(241880,1)
(241898,1)
(241916,1)
(241934,1)
(241952,1)
(241970,1)
(241988,1)
(242006,1)
(242024,1)
(242042,1)
(242060,1)
(242078,1)
(242096,1)
(242114,1)
(242132,1)
(242150,1)
(242168,1)
(242186,1)
(242204,1)
(242222,1)
(242240,1)
(242258,1)
(242276,1)
(242294,1)
(242312,1)
(242348,1)
(242366,1)
(242384,1)
(242420,1)
(242438,1)
(242456,1)
(242474,1)
(242492,1)
(242510,1)
(242528,1)
(242546,1)
(242564,1)
(242582,1)
(242600,1)
(242618,1)
(242636,1)
(242654,1)
(242672,1)
(242690,1)
(242708,1)
(242726,1)
(242744,1)
(242762,1)
(242798,1)
(242816,1)
(242834,1)
(242852,1)
(242870,1)
(242888,1)
(242906,1)
(242924,1)
(242942,1)
(242960,1)
(242978,1)
(242996,1)
(243014,1)
(243032,1)
(243050,1)
(243068,1)
(243086,1)
(243104,1)
(243122,1)
(243140,1)
(243158,1)
(243176,1)
(243194,1)
(243230,1)
(243248,1)
(243266,1)
(243284,1)
(243302,1)
(243338,1)
(243356,1)
(243374,1)
(243392,1)
(243410,1)
(243428,1)
(243446,1)
(243464,1)
(243482,1)
(243500,1)
(237813,1)
(237831,1)
(237849,1)
(237867,1)
(237885,1)
(237903,1)
(237921,1)
(237957,1)
(237975,1)
(237993,1)
(238011,1)
(238047,1)
(238065,1)
(238083,1)
(238101,1)
(238119,1)
(238137,1)
(238155,1)
(238173,1)
(238191,1)
(238227,1)
(238245,1)
(238263,1)
(238281,1)
(238335,1)
(238353,1)
(238371,1)
(238389,1)
(238407,1)
(238461,1)
(238479,1)
(238497,1)
(238533,1)
(238569,1)
(238587,1)
(238605,1)
(238623,1)
(238641,1)
(238659,1)
(238677,1)
(238695,1)
(238713,1)
(238731,1)
(238767,1)
(238839,1)
(238857,1)
(238875,1)
(238893,1)
(238911,1)
(238929,1)
(238947,1)
(238965,1)
(238983,1)
(239001,1)
(239019,1)
(239037,1)
(239055,1)
(239073,1)
(239109,1)
(239127,1)
(239163,1)
(239181,1)
(239199,1)
(239217,1)
(239235,1)
(239253,1)
(239271,1)
(239289,1)
(239325,1)
(239343,1)
(239361,1)
(239379,1)
(239397,1)
(239415,1)
(239451,1)
(239469,1)
(239487,1)
(239505,1)
(239523,1)
(239577,1)
(239595,1)
(239613,1)
(239649,1)
(239685,1)
(239703,1)
(239721,1)
(239739,1)
(239757,1)
(239775,1)
(239793,1)
(239811,1)
(239829,1)
(239847,1)
(239865,1)
(239883,1)
(239901,1)
(239919,1)
(239937,1)
(239955,1)
(239973,1)
(239991,1)
(240027,1)
(240045,1)
(240063,1)
(240081,1)
(240099,1)
(240117,1)
(240135,1)
(240153,1)
(240171,1)
(240189,1)
(240225,1)
(240243,1)
(240261,1)
(240279,1)
(240297,1)
(240315,1)
(240333,1)
(240369,1)
(240387,1)
(240405,1)
(240423,1)
(240441,1)
(240459,1)
(240477,1)
(240495,1)
(240513,1)
(240531,1)
(240549,1)
(240567,1)
(240585,1)
(240603,1)
(240621,1)
(240639,1)
(240657,1)
(240693,1)
(240711,1)
(240855,1)
(240945,1)
(240963,1)
(240981,1)
(240999,1)
(241017,1)
(241035,1)
(241053,1)
(241071,1)
(241089,1)
(241107,1)
(241143,1)
(241161,1)
(241179,1)
(241197,1)
(241233,1)
(241251,1)
(241269,1)
(241287,1)
(241305,1)
(241323,1)
(241341,1)
(241359,1)
(241377,1)
(241395,1)
(241413,1)
(241431,1)
(241449,1)
(241467,1)
(241485,1)
(241503,1)
(241521,1)
(241539,1)
(241557,1)
(241575,1)
(241593,1)
(241611,1)
(241629,1)
(241647,1)
(241665,1)
(241683,1)
(241701,1)
(241719,1)
(241737,1)
(241755,1)
(241773,1)
(241791,1)
(241809,1)
(241827,1)
(241845,1)
(241863,1)
(241881,1)
(241899,1)
(241917,1)
(241935,1)
(241953,1)
(241971,1)
(241989,1)
(242007,1)
(242025,1)
(242043,1)
(242061,1)
(242079,1)
(242097,1)
(242115,1)
(242133,1)
(242151,1)
(242169,1)
(242187,1)
(242205,1)
(242223,1)
(242241,1)
(242259,1)
(242277,1)
(242295,1)
(242313,1)
(242349,1)
(242367,1)
(242385,1)
(242421,1)
(242439,1)
(242457,1)
(242475,1)
(242493,1)
(242511,1)
(242529,1)
(242547,1)
(242565,1)
(242583,1)
(242601,1)
(242619,1)
(242637,1)
(242655,1)
(242673,1)
(242691,1)
(242709,1)
(242727,1)
(242745,1)
(242763,1)
(242799,1)
(242817,1)
(242835,1)
(242853,1)
(242871,1)
(242889,1)
(242907,1)
(242925,1)
(242943,1)
(242961,1)
(242979,1)
(242997,1)
(243015,1)
(243033,1)
(243051,1)
(243069,1)
(243087,1)
(243105,1)
(243123,1)
(243141,1)
(243159,1)
(243177,1)
(243195,1)
(243213,1)
(243231,1)
(243249,1)
(243267,1)
(243285,1)
(243303,1)
(243339,1)
(243357,1)
(243375,1)
(243393,1)
(243411,1)
(243429,1)
(243447,1)
(243465,1)
(243483,1)
(243501,1)
(237814,1)
(237832,1)
(237850,1)
(237868,1)
(237886,1)
(237904,1)
(237922,1)
(237940,1)
(237958,1)
(237976,1)
(237994,1)
(238012,1)
(238030,1)
(238048,1)
(238066,1)
(238084,1)
(238102,1)
(238120,1)
(238138,1)
(238156,1)
(238174,1)
(238228,1)
(238246,1)
(238264,1)
(238300,1)
(238318,1)
(238336,1)
(238354,1)
(238372,1)
(238390,1)
(238462,1)
(238480,1)
(238498,1)
(238516,1)
(238534,1)
(238552,1)
(238570,1)
(238588,1)
(238606,1)
(238624,1)
(238642,1)
(238660,1)
(238678,1)
(238696,1)
(238714,1)
(238732,1)
(238768,1)
(238840,1)
(238858,1)
(238876,1)
(238894,1)
(238912,1)
(238930,1)
(238948,1)
(238966,1)
(238984,1)
(239002,1)
(239020,1)
(239038,1)
(239074,1)
(239092,1)
(239110,1)
(239128,1)
(239146,1)
(239164,1)
(239182,1)
(239236,1)
(239254,1)
(239272,1)
(239290,1)
(239326,1)
(239344,1)
(239362,1)
(239380,1)
(239398,1)
(239416,1)
(239452,1)
(239470,1)
(239488,1)
(239506,1)
(239524,1)
(239578,1)
(239596,1)
(239614,1)
(239632,1)
(239650,1)
(239668,1)
(239686,1)
(239704,1)
(239722,1)
(239740,1)
(239758,1)
(239776,1)
(239794,1)
(239812,1)
(239830,1)
(239848,1)
(239866,1)
(239884,1)
(239902,1)
(239920,1)
(239938,1)
(239956,1)
(239974,1)
(239992,1)
(240028,1)
(240046,1)
(240064,1)
(240082,1)
(240100,1)
(240118,1)
(240136,1)
(240154,1)
(240172,1)
(240190,1)
(240226,1)
(240244,1)
(240262,1)
(240280,1)
(240298,1)
(240316,1)
(240334,1)
(240370,1)
(240388,1)
(240406,1)
(240424,1)
(240442,1)
(240460,1)
(240478,1)
(240496,1)
(240514,1)
(240532,1)
(240550,1)
(240568,1)
(240586,1)
(240604,1)
(240622,1)
(240640,1)
(240658,1)
(240694,1)
(240712,1)
(240946,1)
(240964,1)
(240982,1)
(241000,1)
(241018,1)
(241054,1)
(241072,1)
(241090,1)
(241108,1)
(241144,1)
(241180,1)
(241198,1)
(241234,1)
(241252,1)
(241270,1)
(241288,1)
(241306,1)
(241324,1)
(241342,1)
(241360,1)
(241378,1)
(241396,1)
(241414,1)
(241432,1)
(241450,1)
(241468,1)
(241504,1)
(241522,1)
(241540,1)
(241558,1)
(241576,1)
(241594,1)
(241612,1)
(241630,1)
(241648,1)
(241666,1)
(241684,1)
(241702,1)
(241720,1)
(241738,1)
(241756,1)
(241774,1)
(241792,1)
(241810,1)
(241828,1)
(241846,1)
(241864,1)
(241882,1)
(241900,1)
(241918,1)
(241936,1)
(241954,1)
(241972,1)
(241990,1)
(242008,1)
(242026,1)
(242044,1)
(242062,1)
(242080,1)
(242098,1)
(242116,1)
(242134,1)
(242152,1)
(242170,1)
(242188,1)
(242206,1)
(242224,1)
(242242,1)
(242260,1)
(242278,1)
(242296,1)
(242314,1)
(242350,1)
(242368,1)
(242386,1)
(242422,1)
(242440,1)
(242458,1)
(242476,1)
(242494,1)
(242512,1)
(242530,1)
(242548,1)
(242566,1)
(242584,1)
(242602,1)
(242620,1)
(242638,1)
(242656,1)
(242674,1)
(242692,1)
(242710,1)
(242728,1)
(242746,1)
(242764,1)
(242800,1)
(242818,1)
(242836,1)
(242854,1)
(242872,1)
(242890,1)
(242908,1)
(242926,1)
(242944,1)
(242962,1)
(242980,1)
(242998,1)
(243016,1)
(243034,1)
(243052,1)
(243070,1)
(243088,1)
(243106,1)
(243124,1)
(243142,1)
(243160,1)
(243178,1)
(243196,1)
(243214,1)
(243232,1)
(243250,1)
(243268,1)
(243286,1)
(243304,1)
(243322,1)
(243340,1)
(243358,1)
(243376,1)
(243394,1)
(243412,1)
(243430,1)
(243448,1)
(243466,1)
(243484,1)
(243502,1)
(237815,1)
(237833,1)
(237851,1)
(237869,1)
(237887,1)
(237905,1)
(237959,1)
(237977,1)
(237995,1)
(238013,1)
(238031,1)
(238049,1)
(238067,1)
(238085,1)
(238103,1)
(238121,1)
(238139,1)
(238157,1)
(238175,1)
(238193,1)
(238229,1)
(238247,1)
(238265,1)
(238301,1)
(238319,1)
(238337,1)
(238355,1)
(238373,1)
(238391,1)
(238409,1)
(238463,1)
(238481,1)
(238499,1)
(238517,1)
(238535,1)
(238553,1)
(238571,1)
(238589,1)
(238607,1)
(238625,1)
(238643,1)
(238661,1)
(238679,1)
(238697,1)
(238715,1)
(238733,1)
(238769,1)
(238841,1)
(238859,1)
(238877,1)
(238895,1)
(238913,1)
(238931,1)
(238949,1)
(238967,1)
(238985,1)
(239003,1)
(239021,1)
(239039,1)
(239057,1)
(239075,1)
(239093,1)
(239111,1)
(239129,1)
(239147,1)
(239183,1)
(239201,1)
(239237,1)
(239255,1)
(239273,1)
(239291,1)
(239327,1)
(239345,1)
(239363,1)
(239381,1)
(239399,1)
(239417,1)
(239435,1)
(239453,1)
(239471,1)
(239489,1)
(239507,1)
(239525,1)
(239579,1)
(239597,1)
(239615,1)
(239633,1)
(239651,1)
(239669,1)
(239687,1)
(239705,1)
(239723,1)
(239741,1)
(239759,1)
(239777,1)
(239795,1)
(239813,1)
(239831,1)
(239849,1)
(239867,1)
(239885,1)
(239903,1)
(239921,1)
(239939,1)
(239957,1)
(239975,1)
(239993,1)
(240047,1)
(240065,1)
(240083,1)
(240101,1)
(240119,1)
(240137,1)
(240155,1)
(240173,1)
(240191,1)
(240227,1)
(240245,1)
(240263,1)
(240281,1)
(240299,1)
(240317,1)
(240335,1)
(240371,1)
(240389,1)
(240407,1)
(240425,1)
(240443,1)
(240461,1)
(240479,1)
(240497,1)
(240515,1)
(240533,1)
(240551,1)
(240569,1)
(240587,1)
(240605,1)
(240623,1)
(240641,1)
(240659,1)
(240695,1)
(240713,1)
(240947,1)
(240965,1)
(240983,1)
(241001,1)
(241019,1)
(241055,1)
(241073,1)
(241091,1)
(241109,1)
(241127,1)
(241145,1)
(241163,1)
(241181,1)
(241199,1)
(241235,1)
(241253,1)
(241271,1)
(241289,1)
(241307,1)
(241325,1)
(241343,1)
(241361,1)
(241379,1)
(241397,1)
(241415,1)
(241433,1)
(241451,1)
(241469,1)
(241505,1)
(241523,1)
(241541,1)
(241559,1)
(241577,1)
(241595,1)
(241613,1)
(241631,1)
(241649,1)
(241667,1)
(241685,1)
(241703,1)
(241721,1)
(241739,1)
(241757,1)
(241775,1)
(241793,1)
(241811,1)
(241829,1)
(241847,1)
(241865,1)
(241883,1)
(241901,1)
(241919,1)
(241937,1)
(241955,1)
(241973,1)
(241991,1)
(242009,1)
(242027,1)
(242045,1)
(242063,1)
(242081,1)
(242099,1)
(242117,1)
(242135,1)
(242153,1)
(242171,1)
(242189,1)
(242207,1)
(242225,1)
(242243,1)
(242261,1)
(242279,1)
(242297,1)
(242315,1)
(242351,1)
(242369,1)
(242387,1)
(242405,1)
(242423,1)
(242441,1)
(242459,1)
(242477,1)
(242495,1)
(242513,1)
(242531,1)
(242549,1)
(242567,1)
(242585,1)
(242603,1)
(242621,1)
(242639,1)
(242657,1)
(242675,1)
(242693,1)
(242711,1)
(242729,1)
(242747,1)
(242765,1)
(242801,1)
(242819,1)
(242837,1)
(242855,1)
(242873,1)
(242891,1)
(242909,1)
(242927,1)
(242945,1)
(242963,1)
(242981,1)
(242999,1)
(243017,1)
(243035,1)
(243053,1)
(243071,1)
(243089,1)
(243107,1)
(243125,1)
(243143,1)
(243161,1)
(243179,1)
(243197,1)
(243215,1)
(243233,1)
(243251,1)
(243269,1)
(243287,1)
(243305,1)
(243323,1)
(243341,1)
(243359,1)
(243377,1)
(243395,1)
(243413,1)
(243431,1)
(243449,1)
(243467,1)
(243485,1)
(243503,1)
(243521,1)
